[
    [
        [
            0,
            "q",
            true,
            0,
            "#008000",
            0,
            1
        ],
        [
            40,
            "N",
            true,
            0,
            "#0080ff",
            0,
            0
        ],
        [
            60,
            "t",
            true,
            0,
            "#f00000",
            0,
            1
        ],
        [
            72,
            "Q",
            true,
            0,
            "#00c800",
            0,
            0
        ],
        [
            80,
            "BN",
            true,
            0,
            "#0080ff",
            0,
            0
        ],
        [
            90,
            "r",
            true,
            0,
            "#000000",
            0,
            1
        ],
        [
            120,
            "e",
            true,
            0,
            "#f00000",
            0,
            1
        ],
        [
            144,
            "BQ",
            true,
            0,
            "#00c800",
            0,
            0
        ],
        [
            180,
            "w",
            true,
            0,
            "#000000",
            0,
            1
        ]
    ],
    [
        [
            0,
            0,
            1
        ],
        [
            0,
            40,
            1
        ],
        [
            0,
            60,
            1
        ],
        [
            0,
            72,
            1
        ],
        [
            0,
            80,
            1
        ],
        [
            0,
            90,
            1
        ],
        [
            0,
            120,
            1
        ],
        [
            0,
            144,
            1
        ],
        [
            0,
            180,
            1
        ],
        [
            1,
            0,
            1
        ],
        [
            1,
            40,
            1
        ],
        [
            1,
            60,
            1
        ],
        [
            1,
            72,
            1
        ],
        [
            1,
            80,
            1
        ],
        [
            1,
            90,
            1
        ],
        [
            1,
            120,
            1
        ],
        [
            1,
            144,
            1
        ],
        [
            1,
            180,
            1
        ],
        [
            2,
            0,
            1
        ],
        [
            2,
            40,
            1
        ],
        [
            2,
            60,
            1
        ],
        [
            2,
            72,
            1
        ],
        [
            2,
            80,
            1
        ],
        [
            2,
            90,
            1
        ],
        [
            2,
            120,
            1
        ],
        [
            2,
            144,
            1
        ],
        [
            2,
            180,
            1
        ],
        [
            3,
            0,
            1
        ],
        [
            3,
            40,
            1
        ],
        [
            3,
            60,
            1
        ],
        [
            3,
            72,
            1
        ],
        [
            3,
            80,
            1
        ],
        [
            3,
            90,
            1
        ],
        [
            3,
            120,
            1
        ],
        [
            3,
            144,
            1
        ],
        [
            3,
            180,
            1
        ],
        [
            4,
            0,
            1
        ],
        [
            4,
            40,
            1
        ],
        [
            4,
            60,
            1
        ],
        [
            4,
            72,
            1
        ],
        [
            4,
            80,
            1
        ],
        [
            4,
            90,
            1
        ],
        [
            4,
            120,
            1
        ],
        [
            4,
            144,
            1
        ],
        [
            4,
            180,
            1
        ],
        [
            5,
            0,
            1
        ],
        [
            5,
            40,
            1
        ],
        [
            5,
            60,
            1
        ],
        [
            5,
            72,
            1
        ],
        [
            5,
            80,
            1
        ],
        [
            5,
            90,
            1
        ],
        [
            5,
            120,
            1
        ],
        [
            5,
            144,
            1
        ],
        [
            5,
            180,
            1
        ],
        [
            6,
            0,
            1
        ],
        [
            6,
            40,
            1
        ],
        [
            6,
            60,
            1
        ],
        [
            6,
            72,
            1
        ],
        [
            6,
            80,
            1
        ],
        [
            6,
            90,
            1
        ],
        [
            6,
            120,
            1
        ],
        [
            6,
            144,
            1
        ],
        [
            6,
            180,
            1
        ],
        [
            7,
            0,
            1
        ],
        [
            7,
            40,
            1
        ],
        [
            7,
            60,
            1
        ],
        [
            7,
            72,
            1
        ],
        [
            7,
            80,
            1
        ],
        [
            7,
            90,
            1
        ],
        [
            7,
            120,
            1
        ],
        [
            7,
            144,
            1
        ],
        [
            7,
            180,
            1
        ],
        [
            8,
            0,
            1
        ],
        [
            8,
            40,
            1
        ],
        [
            8,
            60,
            1
        ],
        [
            8,
            72,
            1
        ],
        [
            8,
            80,
            1
        ],
        [
            8,
            90,
            1
        ],
        [
            8,
            120,
            1
        ],
        [
            8,
            144,
            1
        ],
        [
            8,
            180,
            1
        ],
        [
            9,
            0,
            1
        ],
        [
            9,
            40,
            1
        ],
        [
            9,
            60,
            1
        ],
        [
            9,
            72,
            1
        ],
        [
            9,
            80,
            1
        ],
        [
            9,
            90,
            1
        ],
        [
            9,
            120,
            1
        ],
        [
            9,
            144,
            1
        ],
        [
            9,
            180,
            1
        ],
        [
            11,
            0,
            1
        ],
        [
            11,
            40,
            1
        ],
        [
            11,
            60,
            1
        ],
        [
            11,
            72,
            1
        ],
        [
            11,
            80,
            1
        ],
        [
            11,
            90,
            1
        ],
        [
            11,
            120,
            1
        ],
        [
            11,
            144,
            1
        ],
        [
            11,
            180,
            1
        ],
        [
            12,
            0,
            1
        ],
        [
            12,
            40,
            1
        ],
        [
            12,
            60,
            1
        ],
        [
            12,
            72,
            1
        ],
        [
            12,
            80,
            1
        ],
        [
            12,
            90,
            1
        ],
        [
            12,
            120,
            1
        ],
        [
            12,
            144,
            1
        ],
        [
            12,
            180,
            1
        ],
        [
            15,
            0,
            1
        ],
        [
            15,
            40,
            1
        ],
        [
            15,
            60,
            1
        ],
        [
            15,
            72,
            1
        ],
        [
            15,
            80,
            1
        ],
        [
            15,
            90,
            1
        ],
        [
            15,
            120,
            1
        ],
        [
            15,
            144,
            1
        ],
        [
            15,
            180,
            1
        ],
        [
            24,
            0,
            1
        ],
        [
            24,
            40,
            1
        ],
        [
            24,
            60,
            1
        ],
        [
            24,
            72,
            1
        ],
        [
            24,
            80,
            1
        ],
        [
            24,
            90,
            1
        ],
        [
            24,
            120,
            1
        ],
        [
            24,
            144,
            1
        ],
        [
            24,
            180,
            1
        ],
        [
            56,
            0,
            1
        ],
        [
            56,
            40,
            1
        ],
        [
            56,
            60,
            1
        ],
        [
            56,
            72,
            1
        ],
        [
            56,
            80,
            1
        ],
        [
            56,
            90,
            1
        ],
        [
            56,
            120,
            1
        ],
        [
            56,
            144,
            1
        ],
        [
            56,
            180,
            1
        ],
        [
            57,
            0,
            1
        ],
        [
            57,
            40,
            1
        ],
        [
            57,
            60,
            1
        ],
        [
            57,
            72,
            1
        ],
        [
            57,
            80,
            1
        ],
        [
            57,
            90,
            1
        ],
        [
            57,
            120,
            1
        ],
        [
            57,
            144,
            1
        ],
        [
            57,
            180,
            1
        ]
    ],
    [
        [
            0,
            1
        ],
        [
            40,
            1
        ],
        [
            60,
            1
        ],
        [
            72,
            1
        ],
        [
            80,
            1
        ],
        [
            90,
            1
        ],
        [
            120,
            1
        ],
        [
            144,
            1
        ],
        [
            180,
            1
        ]
    ],
    [
        [
            0,
            1
        ],
        [
            40,
            1
        ],
        [
            60,
            1
        ],
        [
            72,
            1
        ],
        [
            80,
            1
        ],
        [
            90,
            1
        ],
        [
            120,
            1
        ],
        [
            144,
            1
        ],
        [
            180,
            1
        ]
    ],
    [
        1,
        0.5,
        0.3,
        0.2,
        0.1
    ]
]
